Fecha,diario,PCR+
2020-02-25,2,2
2020-02-26,6,8
2020-02-27,5,13
2020-02-28,13,26
2020-02-29,11,37
2020-03-01,27,64
2020-03-02,48,112
2020-03-03,51,163
2020-03-04,67,230
2020-03-05,127,357
2020-03-06,213,570
2020-03-07,246,816
2020-03-08,288,1104
2020-03-09,543,1647
2020-03-10,756,2403
2020-03-11,831,3234
2020-03-12,848,4082
2020-03-13,1029,5111
2020-03-14,953,6064
2020-03-15,849,6913
2020-03-16,1315,8228
2020-03-17,2031,10259
2020-03-18,1834,12093
2020-03-19,2143,14236
2020-03-20,2442,16678
2020-03-21,1743,18421
2020-03-22,1570,19991
2020-03-23,2790,22781
2020-03-24,2977,25758
2020-03-25,3105,28863
2020-03-26,3513,32376
2020-03-27,2506,34882
2020-03-28,1088,35970
2020-03-29,908,36878
2020-03-30,2667,39545
2020-03-31,1944,41489
2020-04-01,1917,43406
2020-04-02,1954,45360
2020-04-03,1896,47256
2020-04-04,953,48209
2020-04-05,577,48786
2020-04-06,1757,50543
2020-04-07,1592,52135
2020-04-08,1607,53742
2020-04-09,1111,54853
2020-04-10,1009,55862
2020-04-11,624,56486
2020-04-12,411,56897
2020-04-13,1218,58115
2020-04-14,1366,59481
2020-04-15,1150,60631
2020-04-16,1066,61697
2020-04-17,1079,62776
2020-04-18,612,63388
2020-04-19,271,63659
2020-04-20,875,64534
2020-04-21,928,65462
2020-04-22,997,66459
2020-04-23,769,67228
2020-04-24,955,68183
2020-04-25,413,68596
2020-04-26,221,68817
2020-04-27,990,69807
2020-04-28,948,70755
2020-04-29,903,71658
2020-04-30,702,72360
2020-05-01,307,72667
2020-05-02,201,72868
2020-05-03,203,73071
2020-05-04,779,73850
2020-05-05,789,74639
2020-05-06,738,75377
2020-05-07,627,76004
2020-05-08,632,76636
2020-05-09,186,76822
2020-05-10,137,76959
2020-05-11,670,77629
2020-05-12,625,78254
2020-05-13,662,78916
2020-05-14,714,79630
2020-05-15,422,80052
2020-05-16,109,80161
2020-05-17,134,80295
2020-05-18,517,80812
2020-05-19,578,81390
2020-05-20,634,82024
2020-05-21,455,82479
2020-05-22,567,83046
2020-05-23,169,83215
2020-05-24,109,83324
2020-05-25,409,83733
2020-05-26,631,84364
2020-05-27,605,84969
2020-05-28,589,85558
2020-05-29,574,86132
2020-05-30,206,86338
2020-05-31,163,86501
2020-06-01,466,86967
2020-06-02,617,87584
2020-06-03,623,88207
2020-06-04,533,88740
2020-06-05,563,89303
2020-06-06,249,89552
2020-06-07,91,89643
2020-06-08,402,90045
2020-06-09,443,90488
2020-06-10,445,90933
2020-06-11,485,91418
2020-06-12,552,91970
2020-06-13,167,92137
2020-06-14,63,92200
2020-06-15,453,92653
2020-06-16,430,93083
2020-06-17,423,93506
2020-06-18,491,93997
2020-06-19,542,94539
2020-06-20,161,94700
2020-06-21,96,94796
2020-06-22,248,95044
2020-06-23,417,95461
2020-06-24,439,95900
2020-06-25,415,96315
2020-06-26,456,96771
2020-06-27,159,96930
2020-06-28,74,97004
2020-06-29,252,97256
2020-06-30,414,97670
2020-07-01,331,98001
2020-07-02,326,98327
2020-07-03,408,98735
2020-07-04,168,98903
2020-07-05,77,98980
2020-07-06,213,99193
2020-07-07,370,99563
2020-07-08,321,99884
2020-07-09,311,100195
2020-07-10,472,100667
2020-07-11,143,100810
2020-07-12,84,100894
2020-07-13,250,101144
2020-07-14,458,101602
2020-07-15,386,101988
2020-07-16,325,102313
2020-07-17,519,102832
2020-07-18,162,102994
2020-07-19,96,103090
2020-07-20,306,103396
2020-07-21,496,103892
2020-07-22,460,104352
2020-07-23,508,104860
2020-07-24,782,105642
2020-07-25,267,105909
2020-07-26,163,106072
2020-07-27,450,106522
2020-07-28,849,107371
2020-07-29,810,108181
2020-07-30,989,109170
2020-07-31,1398,110568
2020-08-01,417,110985
2020-08-02,240,111225
2020-08-03,724,111949
2020-08-04,1515,113464
2020-08-05,1378,114842
2020-08-06,1534,116376
2020-08-07,2113,118489
2020-08-08,633,119122
2020-08-09,398,119520
2020-08-10,922,120442
2020-08-11,2518,122960
2020-08-12,2233,125193
2020-08-13,2496,127689
2020-08-14,3355,131044
2020-08-15,936,131980
2020-08-16,538,132518
2020-08-17,1313,133831
2020-08-18,3570,137401
2020-08-19,3391,140792
2020-08-20,3264,144056
2020-08-21,4665,148721
2020-08-22,1331,150052
2020-08-23,686,150738
2020-08-24,1472,152210
2020-08-25,4229,156439
2020-08-26,3667,160106
2020-08-27,3542,163648
2020-08-28,4720,168368
2020-08-29,1203,169571
2020-08-30,981,170552
2020-08-31,1618,172170
2020-09-01,4236,176406
2020-09-02,3821,180227
2020-09-03,3780,184007
2020-09-04,5182,189189
2020-09-05,1675,190864
2020-09-06,1074,191938
2020-09-07,1900,193838
2020-09-08,4943,198781
2020-09-09,4910,203691
2020-09-10,4657,208348
2020-09-11,6264,214612
2020-09-12,2066,216678
2020-09-13,1462,218140
2020-09-14,2385,220525
2020-09-15,6000,226525
2020-09-16,5535,232060
2020-09-17,5375,237435
2020-09-18,7237,244672
2020-09-19,1766,246438
2020-09-20,1094,247532
2020-09-21,2280,249812
2020-09-22,5161,254973
2020-09-23,4731,259704
2020-09-24,4389,264093
2020-09-25,5418,269511
2020-09-26,1429,270940
2020-09-27,905,271845
2020-09-28,1799,273644
2020-09-29,4221,277865
2020-09-30,3565,281430
2020-10-01,3079,284509
2020-10-02,3796,288305
2020-10-03,968,289273
2020-10-04,465,289738
2020-10-05,2187,291925
2020-10-06,3182,295107
2020-10-07,2922,298029
2020-10-08,2806,300835
2020-10-09,2981,303816
2020-10-10,649,304465
2020-10-11,558,305023
2020-10-12,548,305571
2020-10-13,2696,308267
2020-10-14,2830,311097
2020-10-15,2595,313692
2020-10-16,2798,316490
2020-10-17,671,317161
2020-10-18,513,317674
2020-10-19,2346,320020
2020-10-20,2641,322661
2020-10-21,2465,325126
2020-10-22,2270,327396
2020-10-23,2472,329868
2020-10-24,593,330461
2020-10-25,527,330988
2020-10-26,2118,333106
2020-10-27,2262,335368
2020-10-28,2037,337405
2020-10-29,2060,339465
2020-10-30,2235,341700
2020-10-31,547,342247
2020-11-01,485,342732
2020-11-02,563,343295
2020-11-03,2116,345411
2020-11-04,2056,347467
2020-11-05,1830,349297
2020-11-06,2014,351311
2020-11-07,554,351865
2020-11-08,420,352285
2020-11-09,1007,353292
2020-11-10,1745,355037
2020-11-11,1657,356694
2020-11-12,1528,358222
2020-11-13,1589,359811
2020-11-14,398,360209
2020-11-15,329,360538
2020-11-16,1241,361779
2020-11-17,1382,363161
2020-11-18,1277,364438
2020-11-19,1092,365530
2020-11-20,1221,366751
2020-11-21,316,367067
2020-11-22,205,367272
2020-11-23,1024,368296
2020-11-24,1066,369362
2020-11-25,1048,370410
2020-11-26,969,371379
2020-11-27,1144,372523
2020-11-28,305,372828
2020-11-29,180,373008
2020-11-30,954,373962
2020-12-01,1111,375073
2020-12-02,1141,376214
2020-12-03,1001,377215
2020-12-04,1036,378251
2020-12-05,296,378547
2020-12-06,259,378806
2020-12-07,367,379173
2020-12-08,340,379513
2020-12-09,1332,380845
2020-12-10,1531,382376
2020-12-11,1847,384223
2020-12-12,425,384648
2020-12-13,318,384966
2020-12-14,1319,386285
2020-12-15,1557,387842
2020-12-16,1592,389434
2020-12-17,1385,390819
2020-12-18,1561,392380
2020-12-19,455,392835
2020-12-20,362,393197
2020-12-21,1506,394703
2020-12-22,1680,396383
2020-12-23,2852,399235
2020-12-24,959,400194
2020-12-25,494,400688
2020-12-26,873,401561
2020-12-27,794,402355
2020-12-28,3282,405637
2020-12-29,4157,409794
2020-12-30,4829,414623
2020-12-31,1348,415971
2021-01-01,715,416686
2021-01-02,1292,417978
2021-01-03,1152,419130
2021-01-04,4703,423833
2021-01-05,7364,431197
2021-01-06,1504,432701
2021-01-07,4648,437349
2021-01-08,6338,443687
2021-01-09,486,444173
2021-01-10,525,444698
2021-01-11,4460,449158
2021-01-12,4620,453778
2021-01-13,5533,459311
2021-01-14,5827,465138
2021-01-15,6654,471792
2021-01-16,1643,473435
2021-01-17,1251,474686
2021-01-18,5833,480519
2021-01-19,7881,488400
2021-01-20,6512,494912
2021-01-21,6070,500982
2021-01-22,7355,508337
2021-01-23,1714,510051
2021-01-24,1154,511205
2021-01-25,5671,516876
2021-01-26,6665,523541
2021-01-27,5941,529482
2021-01-28,5528,535010
2021-01-29,6120,541130
2021-01-30,1377,542507
2021-01-31,900,543407
2021-02-01,4216,547623
2021-02-02,5096,552719
2021-02-03,4369,557088
2021-02-04,3880,560968
2021-02-05,4406,565374
2021-02-06,955,566329
2021-02-07,534,566863
2021-02-08,2923,569786
2021-02-09,3463,573249
2021-02-10,2916,576165
2021-02-11,2435,578600
2021-02-12,2799,581399
2021-02-13,626,582025
2021-02-14,407,582432
2021-02-15,2133,584565
2021-02-16,2356,586921
2021-02-17,2031,588952
2021-02-18,1859,590811
2021-02-19,2010,592821
2021-02-20,485,593306
2021-02-21,414,593720
2021-02-22,1569,595289
2021-02-23,1904,597193
2021-02-24,1604,598797
2021-02-25,1379,600176
2021-02-26,1626,601802
2021-02-27,505,602307
2021-02-28,319,602626
2021-03-01,1395,604021
2021-03-02,1495,605516
2021-03-03,1475,606991
2021-03-04,1328,608319
2021-03-05,1586,609905
2021-03-06,408,610313
2021-03-07,295,610608
2021-03-08,1312,611920
2021-03-09,1546,613466
2021-03-10,1395,614861
2021-03-11,1330,616191
2021-03-12,1656,617847
2021-03-13,434,618281
2021-03-14,310,618591
2021-03-15,1368,619959
2021-03-16,1645,621604
2021-03-17,1584,623188
2021-03-18,1846,625034
2021-03-19,451,625485
2021-03-20,514,625999
2021-03-21,392,626391
2021-03-22,1686,628077
2021-03-23,2084,630161
2021-03-24,1950,632111
2021-03-25,1924,634035
2021-03-26,2164,636199
2021-03-27,667,636866
2021-03-28,489,637355
2021-03-29,1875,639230
2021-03-30,2225,641455
2021-03-31,2701,644156
2021-04-01,735,644891
2021-04-02,694,645585
2021-04-03,909,646494
2021-04-04,684,647178
2021-04-05,2557,649735
2021-04-06,2954,652689
2021-04-07,2699,655388
2021-04-08,2446,657834
2021-04-09,2844,660678
2021-04-10,708,661386
2021-04-11,618,662004
2021-04-12,2243,664247
2021-04-13,2726,666973
2021-04-14,2541,669514
2021-04-15,2388,671902
2021-04-16,2815,674717
2021-04-17,857,675574
2021-04-18,624,676198
2021-04-19,2379,678577
2021-04-20,2764,681341
2021-04-21,2438,683779
2021-04-22,2389,686168
2021-04-23,2780,688948
2021-04-24,674,689622
2021-04-25,504,690126
2021-04-26,2165,692291
2021-04-27,2524,694815
2021-04-28,2280,697095
2021-04-29,2106,699201
2021-04-30,2361,701562
2021-05-01,543,702105
2021-05-02,485,702590
2021-05-03,557,703147
2021-05-04,1687,704834
2021-05-05,2093,706927
2021-05-06,1874,708801
2021-05-07,2104,710905
2021-05-08,475,711380
2021-05-09,364,711744
2021-05-10,1406,713150
2021-05-11,1509,714659
2021-05-12,1446,716105
2021-05-13,1274,717379
2021-05-14,1537,718916
2021-05-15,367,719283
2021-05-16,341,719624
2021-05-17,1271,720895
2021-05-18,1453,722348
2021-05-19,1249,723597
2021-05-20,1153,724750
2021-05-21,1396,726146
2021-05-22,330,726476
2021-05-23,274,726750
2021-05-24,1021,727771
2021-05-25,1174,728945
2021-05-26,1034,729979
2021-05-27,999,730978
2021-05-28,1102,732080
2021-05-29,288,732368
2021-05-30,249,732617
2021-05-31,885,733502
2021-06-01,887,734389
2021-06-02,851,735240
2021-06-03,746,735986
2021-06-04,732,736718
2021-06-05,257,736975
2021-06-06,134,737109
2021-06-07,628,737737
2021-06-08,676,738413
2021-06-09,602,739015
2021-06-10,478,739493
2021-06-11,612,740105
2021-06-12,164,740269
2021-06-13,123,740392
2021-06-14,485,740877
2021-06-15,569,741446
2021-06-16,458,741904
2021-06-17,403,742307
2021-06-18,464,742771
2021-06-19,162,742933
2021-06-20,168,743101
2021-06-21,496,743597
2021-06-22,525,744122
2021-06-23,556,744678
2021-06-24,539,745217
2021-06-25,649,745866
2021-06-26,218,746084
2021-06-27,175,746259
2021-06-28,657,746916
2021-06-29,844,747760
2021-06-30,889,748649
2021-07-01,899,749548
2021-07-02,1077,750625
2021-07-03,444,751069
2021-07-04,390,751459
2021-07-05,1251,752710
2021-07-06,1878,754588
2021-07-07,1981,756569
2021-07-08,2224,758793
2021-07-09,2547,761340
2021-07-10,1142,762482
2021-07-11,1065,763547
2021-07-12,3065,766612
2021-07-13,3846,770458
2021-07-14,4251,774709
2021-07-15,4191,778900
2021-07-16,4779,783679
2021-07-17,1931,785610
2021-07-18,1616,787226
2021-07-19,4557,791783
2021-07-20,5322,797105
2021-07-21,5229,802334
2021-07-22,4932,807266
2021-07-23,5539,812805
2021-07-24,1780,814585
2021-07-25,1345,815930
2021-07-26,4561,820491
2021-07-27,5240,825731
2021-07-28,5006,830737
2021-07-29,4556,835293
2021-07-30,4970,840263
2021-07-31,1312,841575
2021-08-01,979,842554
2021-08-02,3409,845963
2021-08-03,3888,849851
2021-08-04,3408,853259
2021-08-05,3017,856276
2021-08-06,3479,859755
2021-08-07,898,860653
2021-08-08,657,861310
2021-08-09,2555,863865
2021-08-10,3060,866925
2021-08-11,2477,869402
2021-08-12,2238,871640
2021-08-13,2513,874153
2021-08-14,559,874712
2021-08-15,522,875234
2021-08-16,1926,877160
2021-08-17,2053,879213
2021-08-18,1978,881191
2021-08-19,1652,882843
2021-08-20,1954,884797
2021-08-21,479,885276
2021-08-22,384,885660
2021-08-23,1592,887252
2021-08-24,1691,888943
2021-08-25,1553,890496
2021-08-26,1365,891861
2021-08-27,1478,893339
2021-08-28,394,893733
2021-08-29,291,894024
2021-08-30,1114,895138
2021-08-31,1298,896436
2021-09-01,1040,897476
2021-09-02,858,898334
2021-09-03,977,899311
2021-09-04,241,899552
2021-09-05,213,899765
2021-09-06,705,900470
2021-09-07,858,901328
2021-09-08,678,902006
2021-09-09,536,902542
2021-09-10,682,903224
2021-09-11,152,903376
2021-09-12,121,903497
2021-09-13,570,904067
2021-09-14,545,904612
2021-09-15,513,905125
2021-09-16,504,905629
2021-09-17,538,906167
2021-09-18,128,906295
2021-09-19,108,906403
2021-09-20,442,906845
2021-09-21,458,907303
2021-09-22,428,907731
2021-09-23,370,908101
2021-09-24,466,908567
2021-09-25,104,908671
2021-09-26,90,908761
2021-09-27,394,909155
2021-09-28,358,909513
2021-09-29,333,909846
2021-09-30,291,910137
2021-10-01,327,910464
2021-10-02,85,910549
2021-10-03,75,910624
2021-10-04,323,910947
2021-10-05,348,911295
2021-10-06,278,911573
2021-10-07,280,911853
2021-10-08,321,912174
2021-10-09,90,912264
2021-10-10,59,912323
2021-10-11,370,912693
2021-10-12,76,912769
2021-10-13,310,913079
2021-10-14,317,913396
2021-10-15,355,913751
2021-10-16,99,913850
2021-10-17,93,913943
2021-10-18,347,914290
2021-10-19,405,914695
2021-10-20,389,915084
2021-10-21,338,915422
2021-10-22,375,915797
2021-10-23,108,915905
2021-10-24,85,915990
2021-10-25,294,916284
2021-10-26,362,916646
2021-10-27,358,917004
2021-10-28,339,917343
2021-10-29,442,917785
2021-10-30,116,917901
2021-10-31,96,917997
2021-11-01,120,918117
2021-11-02,467,918584
2021-11-03,513,919097
2021-11-04,464,919561
2021-11-05,520,920081
2021-11-06,147,920228
2021-11-07,115,920343
2021-11-08,531,920874
2021-11-09,358,921232
2021-11-10,552,921784
2021-11-11,601,922385
2021-11-12,735,923120
2021-11-13,182,923302
2021-11-14,145,923447
2021-11-15,708,924155
2021-11-16,763,924918
2021-11-17,797,925715
2021-11-18,781,926496
2021-11-19,995,927491
2021-11-20,204,927695
2021-11-21,203,927898
2021-11-22,885,928783
2021-11-23,1049,929832
2021-11-24,1022,930854
2021-11-25,904,931758
2021-11-26,1278,933036
2021-11-27,279,933315
2021-11-28,243,933558
2021-11-29,1203,934761
2021-11-30,1461,936222
2021-12-01,1374,937596
2021-12-02,1414,939010
2021-12-03,1898,940908
2021-12-04,422,941330
2021-12-05,298,941628
2021-12-06,376,942004
2021-12-07,2095,944099
2021-12-08,650,944749
2021-12-09,2464,947213
2021-12-10,3495,950708
2021-12-11,998,951706
2021-12-12,783,952489
2021-12-13,4146,956635
2021-12-14,6218,962853
2021-12-15,7955,970808
2021-12-16,8155,978963
2021-12-17,10103,989066
2021-12-18,3789,992855
2021-12-19,3370,996225
2021-12-20,14537,1010762
2021-12-21,20598,1031360
2021-12-22,22216,1053576
2021-12-23,23767,1077343
2021-12-24,8410,1085753
2021-12-25,5397,1091150
2021-12-26,8004,1099154
2021-12-27,23431,1122585
2021-12-28,24479,1147064
2021-12-29,23755,1170819
2021-12-30,22118,1192937
2021-12-31,6878,1199815
2022-01-01,3835,1203650
2022-01-02,6207,1209857
2022-01-03,19777,1229634
2022-01-04,20323,1249957
2022-01-05,19269,1269226
2022-01-06,5271,1274497
2022-01-07,18753,1293250
2022-01-08,5932,1299182
2022-01-09,6770,1305952
2022-01-10,20436,1326388
2022-01-11,17973,1344361
2022-01-12,16542,1360903
2022-01-13,14487,1375390
2022-01-14,13795,1389185
2022-01-15,3846,1393031
2022-01-16,3840,1396871
2022-01-17,14526,1411397
2022-01-18,12705,1424102
2022-01-19,11892,1435994
2022-01-20,10649,1446643
2022-01-21,10712,1457355
2022-01-22,2993,1460348
2022-01-23,2777,1463125
2022-01-24,11081,1474206
2022-01-25,9789,1483995
2022-01-26,9005,1493000
2022-01-27,7930,1500930
2022-01-28,7510,1508440
2022-01-29,1896,1510336
2022-01-30,1677,1512013
2022-01-31,7396,1519409
2022-02-01,6422,1525831
2022-02-02,6752,1532583
2022-02-03,6476,1539059
2022-02-04,6551,1545610
2022-02-05,1206,1546816
2022-02-06,940,1547756
2022-02-07,6615,1554371
2022-02-08,5344,1559715
2022-02-09,4621,1564336
2022-02-10,3859,1568195
2022-02-11,3630,1571825
2022-02-12,643,1572468
2022-02-13,580,1573048
2022-02-14,3881,1576929
2022-02-15,2999,1579928
2022-02-16,2582,1582510
2022-02-17,2192,1584702
2022-02-18,1980,1586682
2022-02-19,331,1587013
2022-02-20,221,1587234
