Fecha,diario,PCR+
2020-02-25,2,2
2020-02-26,6,8
2020-02-27,5,13
2020-02-28,13,26
2020-02-29,11,37
2020-03-01,27,64
2020-03-02,48,112
2020-03-03,51,163
2020-03-04,67,230
2020-03-05,127,357
2020-03-06,213,570
2020-03-07,246,816
2020-03-08,288,1104
2020-03-09,543,1647
2020-03-10,756,2403
2020-03-11,831,3234
2020-03-12,849,4083
2020-03-13,1029,5112
2020-03-14,953,6065
2020-03-15,849,6914
2020-03-16,1315,8229
2020-03-17,2031,10260
2020-03-18,1833,12093
2020-03-19,2143,14236
2020-03-20,2442,16678
2020-03-21,1744,18422
2020-03-22,1570,19992
2020-03-23,2789,22781
2020-03-24,2978,25759
2020-03-25,3104,28863
2020-03-26,3513,32376
2020-03-27,2506,34882
2020-03-28,1089,35971
2020-03-29,908,36879
2020-03-30,2667,39546
2020-03-31,1943,41489
2020-04-01,1917,43406
2020-04-02,1954,45360
2020-04-03,1896,47256
2020-04-04,953,48209
2020-04-05,577,48786
2020-04-06,1756,50542
2020-04-07,1592,52134
2020-04-08,1608,53742
2020-04-09,1111,54853
2020-04-10,1010,55863
2020-04-11,624,56487
2020-04-12,410,56897
2020-04-13,1218,58115
2020-04-14,1366,59481
2020-04-15,1153,60634
2020-04-16,1067,61701
2020-04-17,1079,62780
2020-04-18,610,63390
2020-04-19,271,63661
2020-04-20,875,64536
2020-04-21,930,65466
2020-04-22,997,66463
2020-04-23,768,67231
2020-04-24,955,68186
2020-04-25,414,68600
2020-04-26,221,68821
2020-04-27,990,69811
2020-04-28,948,70759
2020-04-29,902,71661
2020-04-30,702,72363
2020-05-01,307,72670
2020-05-02,201,72871
2020-05-03,203,73074
2020-05-04,779,73853
2020-05-05,790,74643
2020-05-06,736,75379
2020-05-07,627,76006
2020-05-08,632,76638
2020-05-09,187,76825
2020-05-10,137,76962
2020-05-11,670,77632
2020-05-12,625,78257
2020-05-13,661,78918
2020-05-14,713,79631
2020-05-15,425,80056
2020-05-16,108,80164
2020-05-17,134,80298
2020-05-18,517,80815
2020-05-19,579,81394
2020-05-20,633,82027
2020-05-21,455,82482
2020-05-22,565,83047
2020-05-23,169,83216
2020-05-24,109,83325
2020-05-25,409,83734
2020-05-26,631,84365
2020-05-27,604,84969
2020-05-28,587,85556
2020-05-29,572,86128
2020-05-30,205,86333
2020-05-31,161,86494
2020-06-01,465,86959
2020-06-02,613,87572
2020-06-03,622,88194
2020-06-04,531,88725
2020-06-05,563,89288
2020-06-06,247,89535
2020-06-07,90,89625
2020-06-08,400,90025
2020-06-09,443,90468
2020-06-10,444,90912
2020-06-11,483,91395
2020-06-12,554,91949
2020-06-13,167,92116
2020-06-14,63,92179
2020-06-15,453,92632
2020-06-16,431,93063
2020-06-17,422,93485
2020-06-18,491,93976
2020-06-19,541,94517
2020-06-20,161,94678
2020-06-21,96,94774
2020-06-22,245,95019
2020-06-23,417,95436
2020-06-24,438,95874
2020-06-25,415,96289
2020-06-26,455,96744
2020-06-27,159,96903
2020-06-28,74,96977
2020-06-29,251,97228
2020-06-30,413,97641
2020-07-01,330,97971
2020-07-02,322,98293
2020-07-03,406,98699
2020-07-04,168,98867
2020-07-05,77,98944
2020-07-06,213,99157
2020-07-07,369,99526
2020-07-08,320,99846
2020-07-09,310,100156
2020-07-10,472,100628
2020-07-11,143,100771
2020-07-12,84,100855
2020-07-13,250,101105
2020-07-14,456,101561
2020-07-15,386,101947
2020-07-16,322,102269
2020-07-17,516,102785
2020-07-18,162,102947
2020-07-19,97,103044
2020-07-20,305,103349
2020-07-21,493,103842
2020-07-22,459,104301
2020-07-23,508,104809
2020-07-24,781,105590
2020-07-25,267,105857
2020-07-26,163,106020
2020-07-27,450,106470
2020-07-28,849,107319
2020-07-29,807,108126
2020-07-30,984,109110
2020-07-31,1398,110508
2020-08-01,417,110925
2020-08-02,240,111165
2020-08-03,724,111889
2020-08-04,1514,113403
2020-08-05,1378,114781
2020-08-06,1535,116316
2020-08-07,2111,118427
2020-08-08,633,119060
2020-08-09,398,119458
2020-08-10,922,120380
2020-08-11,2517,122897
2020-08-12,2234,125131
2020-08-13,2493,127624
2020-08-14,3356,130980
2020-08-15,936,131916
2020-08-16,536,132452
2020-08-17,1312,133764
2020-08-18,3567,137331
2020-08-19,3390,140721
2020-08-20,3263,143984
2020-08-21,4658,148642
2020-08-22,1330,149972
2020-08-23,686,150658
2020-08-24,1473,152131
2020-08-25,4228,156359
2020-08-26,3663,160022
2020-08-27,3539,163561
2020-08-28,4717,168278
2020-08-29,1203,169481
2020-08-30,980,170461
2020-08-31,1617,172078
2020-09-01,4232,176310
2020-09-02,3819,180129
2020-09-03,3777,183906
2020-09-04,5180,189086
2020-09-05,1675,190761
2020-09-06,1073,191834
2020-09-07,1898,193732
2020-09-08,4939,198671
2020-09-09,4908,203579
2020-09-10,4653,208232
2020-09-11,6261,214493
2020-09-12,2065,216558
2020-09-13,1461,218019
2020-09-14,2381,220400
2020-09-15,6000,226400
2020-09-16,5534,231934
2020-09-17,5371,237305
2020-09-18,7231,244536
2020-09-19,1765,246301
2020-09-20,1093,247394
2020-09-21,2276,249670
2020-09-22,5157,254827
2020-09-23,4730,259557
2020-09-24,4387,263944
2020-09-25,5416,269360
2020-09-26,1427,270787
2020-09-27,904,271691
2020-09-28,1795,273486
2020-09-29,4220,277706
2020-09-30,3564,281270
2020-10-01,3077,284347
2020-10-02,3792,288139
2020-10-03,968,289107
2020-10-04,465,289572
2020-10-05,2186,291758
2020-10-06,3181,294939
2020-10-07,2924,297863
2020-10-08,2799,300662
2020-10-09,2980,303642
2020-10-10,649,304291
2020-10-11,557,304848
2020-10-12,546,305394
2020-10-13,2691,308085
2020-10-14,2828,310913
2020-10-15,2593,313506
2020-10-16,2795,316301
2020-10-17,669,316970
2020-10-18,511,317481
2020-10-19,2342,319823
2020-10-20,2638,322461
2020-10-21,2460,324921
2020-10-22,2269,327190
2020-10-23,2471,329661
2020-10-24,590,330251
2020-10-25,525,330776
2020-10-26,2115,332891
2020-10-27,2258,335149
2020-10-28,2033,337182
2020-10-29,2055,339237
2020-10-30,2231,341468
2020-10-31,545,342013
2020-11-01,485,342498
2020-11-02,559,343057
2020-11-03,2113,345170
2020-11-04,2051,347221
2020-11-05,1828,349049
2020-11-06,2012,351061
2020-11-07,552,351613
2020-11-08,418,352031
2020-11-09,1003,353034
2020-11-10,1742,354776
2020-11-11,1655,356431
2020-11-12,1528,357959
2020-11-13,1584,359543
2020-11-14,398,359941
2020-11-15,329,360270
2020-11-16,1239,361509
2020-11-17,1376,362885
2020-11-18,1272,364157
2020-11-19,1090,365247
2020-11-20,1220,366467
2020-11-21,316,366783
2020-11-22,205,366988
2020-11-23,1022,368010
2020-11-24,1065,369075
2020-11-25,1049,370124
2020-11-26,963,371087
2020-11-27,1141,372228
2020-11-28,305,372533
2020-11-29,180,372713
2020-11-30,951,373664
2020-12-01,1110,374774
2020-12-02,1137,375911
2020-12-03,1001,376912
2020-12-04,1035,377947
2020-12-05,296,378243
2020-12-06,258,378501
2020-12-07,365,378866
2020-12-08,339,379205
2020-12-09,1330,380535
2020-12-10,1530,382065
2020-12-11,1843,383908
2020-12-12,424,384332
2020-12-13,318,384650
2020-12-14,1316,385966
2020-12-15,1556,387522
2020-12-16,1590,389112
2020-12-17,1384,390496
2020-12-18,1555,392051
2020-12-19,454,392505
2020-12-20,362,392867
2020-12-21,1504,394371
2020-12-22,1679,396050
2020-12-23,2845,398895
2020-12-24,958,399853
2020-12-25,494,400347
2020-12-26,873,401220
2020-12-27,794,402014
2020-12-28,3283,405297
2020-12-29,4153,409450
2020-12-30,4825,414275
2020-12-31,1348,415623
2021-01-01,714,416337
2021-01-02,1292,417629
2021-01-03,1151,418780
2021-01-04,4701,423481
2021-01-05,7357,430838
2021-01-06,1504,432342
2021-01-07,4648,436990
2021-01-08,6337,443327
2021-01-09,485,443812
2021-01-10,525,444337
2021-01-11,4459,448796
2021-01-12,4620,453416
2021-01-13,5531,458947
2021-01-14,5827,464774
2021-01-15,6655,471429
2021-01-16,1643,473072
2021-01-17,1252,474324
2021-01-18,5831,480155
2021-01-19,7882,488037
2021-01-20,6511,494548
2021-01-21,6067,500615
2021-01-22,7350,507965
2021-01-23,1713,509678
2021-01-24,1153,510831
2021-01-25,5669,516500
2021-01-26,6658,523158
2021-01-27,5941,529099
2021-01-28,5521,534620
2021-01-29,6117,540737
2021-01-30,1377,542114
2021-01-31,895,543009
2021-02-01,4213,547222
2021-02-02,5092,552314
2021-02-03,4367,556681
2021-02-04,3875,560556
2021-02-05,4405,564961
2021-02-06,953,565914
2021-02-07,532,566446
2021-02-08,2923,569369
2021-02-09,3463,572832
2021-02-10,2910,575742
2021-02-11,2433,578175
2021-02-12,2795,580970
2021-02-13,626,581596
2021-02-14,407,582003
2021-02-15,2132,584135
2021-02-16,2354,586489
2021-02-17,2026,588515
2021-02-18,1857,590372
2021-02-19,2008,592380
2021-02-20,485,592865
2021-02-21,415,593280
2021-02-22,1566,594846
2021-02-23,1904,596750
2021-02-24,1600,598350
2021-02-25,1378,599728
2021-02-26,1624,601352
2021-02-27,504,601856
2021-02-28,319,602175
2021-03-01,1393,603568
2021-03-02,1493,605061
2021-03-03,1473,606534
2021-03-04,1328,607862
2021-03-05,1583,609445
2021-03-06,408,609853
2021-03-07,295,610148
2021-03-08,1307,611455
2021-03-09,1546,613001
2021-03-10,1395,614396
2021-03-11,1328,615724
2021-03-12,1654,617378
2021-03-13,434,617812
2021-03-14,309,618121
2021-03-15,1365,619486
2021-03-16,1644,621130
2021-03-17,1581,622711
2021-03-18,1845,624556
2021-03-19,450,625006
2021-03-20,514,625520
2021-03-21,391,625911
2021-03-22,1686,627597
2021-03-23,2083,629680
2021-03-24,1949,631629
2021-03-25,1921,633550
2021-03-26,2163,635713
2021-03-27,666,636379
2021-03-28,489,636868
2021-03-29,1871,638739
2021-03-30,2226,640965
2021-03-31,2698,643663
2021-04-01,734,644397
2021-04-02,693,645090
2021-04-03,909,645999
2021-04-04,684,646683
2021-04-05,2557,649240
2021-04-06,2950,652190
2021-04-07,2699,654889
2021-04-08,2444,657333
2021-04-09,2838,660171
2021-04-10,707,660878
2021-04-11,617,661495
2021-04-12,2241,663736
2021-04-13,2721,666457
2021-04-14,2541,668998
2021-04-15,2387,671385
2021-04-16,2813,674198
2021-04-17,856,675054
2021-04-18,624,675678
2021-04-19,2379,678057
2021-04-20,2762,680819
2021-04-21,2435,683254
2021-04-22,2385,685639
2021-04-23,2780,688419
2021-04-24,673,689092
2021-04-25,505,689597
2021-04-26,2162,691759
2021-04-27,2523,694282
2021-04-28,2278,696560
2021-04-29,2106,698666
2021-04-30,2361,701027
2021-05-01,543,701570
2021-05-02,483,702053
2021-05-03,556,702609
2021-05-04,1684,704293
2021-05-05,2089,706382
2021-05-06,1873,708255
2021-05-07,2104,710359
2021-05-08,475,710834
2021-05-09,363,711197
2021-05-10,1406,712603
2021-05-11,1507,714110
2021-05-12,1447,715557
2021-05-13,1272,716829
2021-05-14,1536,718365
2021-05-15,366,718731
2021-05-16,342,719073
2021-05-17,1268,720341
2021-05-18,1452,721793
2021-05-19,1246,723039
2021-05-20,1145,724184
2021-05-21,1391,725575
2021-05-22,330,725905
2021-05-23,273,726178
2021-05-24,1010,727188
2021-05-25,1170,728358
2021-05-26,1033,729391
2021-05-27,999,730390
2021-05-28,1096,731486
2021-05-29,286,731772
2021-05-30,249,732021
2021-05-31,885,732906
2021-06-01,884,733790
2021-06-02,846,734636
2021-06-03,743,735379
2021-06-04,727,736106
2021-06-05,257,736363
2021-06-06,133,736496
2021-06-07,624,737120
2021-06-08,674,737794
2021-06-09,597,738391
2021-06-10,475,738866
2021-06-11,608,739474
2021-06-12,163,739637
2021-06-13,123,739760
2021-06-14,484,740244
2021-06-15,565,740809
2021-06-16,457,741266
2021-06-17,398,741664
2021-06-18,462,742126
2021-06-19,162,742288
2021-06-20,169,742457
2021-06-21,494,742951
2021-06-22,521,743472
2021-06-23,554,744026
2021-06-24,538,744564
2021-06-25,649,745213
2021-06-26,218,745431
2021-06-27,175,745606
2021-06-28,652,746258
2021-06-29,843,747101
2021-06-30,888,747989
2021-07-01,896,748885
2021-07-02,1066,749951
2021-07-03,444,750395
2021-07-04,389,750784
2021-07-05,1240,752024
2021-07-06,1868,753892
2021-07-07,1964,755856
2021-07-08,2215,758071
2021-07-09,2534,760605
2021-07-10,1138,761743
2021-07-11,1064,762807
2021-07-12,3043,765850
2021-07-13,3833,769683
2021-07-14,4227,773910
2021-07-15,4178,778088
2021-07-16,4749,782837
2021-07-17,1930,784767
2021-07-18,1613,786380
2021-07-19,4537,790917
2021-07-20,5300,796217
2021-07-21,5197,801414
2021-07-22,4908,806322
2021-07-23,5514,811836
2021-07-24,1780,813616
2021-07-25,1344,814960
2021-07-26,4531,819491
2021-07-27,5211,824702
2021-07-28,4990,829692
2021-07-29,4540,834232
2021-07-30,4952,839184
2021-07-31,1315,840499
2021-08-01,973,841472
2021-08-02,3394,844866
2021-08-03,3869,848735
2021-08-04,3385,852120
2021-08-05,3006,855126
2021-08-06,3471,858597
2021-08-07,895,859492
2021-08-08,656,860148
2021-08-09,2535,862683
2021-08-10,3043,865726
2021-08-11,2469,868195
2021-08-12,2226,870421
2021-08-13,2497,872918
2021-08-14,559,873477
2021-08-15,520,873997
2021-08-16,1905,875902
2021-08-17,2043,877945
2021-08-18,1966,879911
2021-08-19,1633,881544
2021-08-20,1936,883480
2021-08-21,480,883960
2021-08-22,383,884343
2021-08-23,1583,885926
2021-08-24,1673,887599
2021-08-25,1547,889146
2021-08-26,1354,890500
2021-08-27,1466,891966
2021-08-28,394,892360
2021-08-29,290,892650
2021-08-30,1107,893757
2021-08-31,1298,895055
2021-09-01,1034,896089
2021-09-02,855,896944
2021-09-03,974,897918
2021-09-04,239,898157
2021-09-05,212,898369
2021-09-06,695,899064
2021-09-07,856,899920
2021-09-08,676,900596
2021-09-09,531,901127
2021-09-10,676,901803
2021-09-11,152,901955
2021-09-12,121,902076
2021-09-13,567,902643
2021-09-14,542,903185
2021-09-15,513,903698
2021-09-16,503,904201
2021-09-17,536,904737
2021-09-18,127,904864
2021-09-19,106,904970
2021-09-20,436,905406
2021-09-21,453,905859
2021-09-22,424,906283
2021-09-23,367,906650
2021-09-24,467,907117
2021-09-25,104,907221
2021-09-26,90,907311
2021-09-27,389,907700
2021-09-28,356,908056
2021-09-29,333,908389
2021-09-30,291,908680
2021-10-01,327,909007
2021-10-02,85,909092
2021-10-03,75,909167
2021-10-04,320,909487
2021-10-05,346,909833
2021-10-06,274,910107
2021-10-07,280,910387
2021-10-08,319,910706
2021-10-09,90,910796
2021-10-10,59,910855
2021-10-11,367,911222
2021-10-12,74,911296
2021-10-13,311,911607
2021-10-14,315,911922
2021-10-15,356,912278
2021-10-16,99,912377
2021-10-17,92,912469
2021-10-18,345,912814
2021-10-19,400,913214
2021-10-20,387,913601
2021-10-21,335,913936
2021-10-22,374,914310
2021-10-23,108,914418
2021-10-24,85,914503
2021-10-25,295,914798
2021-10-26,361,915159
2021-10-27,356,915515
2021-10-28,338,915853
2021-10-29,439,916292
2021-10-30,116,916408
2021-10-31,96,916504
2021-11-01,120,916624
2021-11-02,468,917092
2021-11-03,512,917604
2021-11-04,462,918066
2021-11-05,520,918586
2021-11-06,147,918733
2021-11-07,115,918848
2021-11-08,529,919377
2021-11-09,357,919734
2021-11-10,545,920279
2021-11-11,600,920879
2021-11-12,734,921613
2021-11-13,182,921795
2021-11-14,145,921940
2021-11-15,707,922647
2021-11-16,762,923409
2021-11-17,797,924206
2021-11-18,778,924984
2021-11-19,995,925979
2021-11-20,204,926183
2021-11-21,203,926386
2021-11-22,884,927270
2021-11-23,1047,928317
2021-11-24,1022,929339
2021-11-25,900,930239
2021-11-26,1278,931517
2021-11-27,276,931793
2021-11-28,241,932034
2021-11-29,1201,933235
2021-11-30,1459,934694
2021-12-01,1372,936066
2021-12-02,1411,937477
2021-12-03,1892,939369
2021-12-04,417,939786
2021-12-05,298,940084
2021-12-06,375,940459
2021-12-07,2090,942549
2021-12-08,649,943198
2021-12-09,2456,945654
2021-12-10,3491,949145
2021-12-11,994,950139
2021-12-12,777,950916
2021-12-13,4136,955052
2021-12-14,6203,961255
2021-12-15,7858,969113
2021-12-16,8111,977224
2021-12-17,10034,987258
2021-12-18,3741,990999
2021-12-19,3317,994316
2021-12-20,14304,1008620
2021-12-21,20311,1028931
2021-12-22,21974,1050905
2021-12-23,23436,1074341
2021-12-24,8232,1082573
2021-12-25,5313,1087886
2021-12-26,7845,1095731
2021-12-27,23111,1118842
2021-12-28,24258,1143100
2021-12-29,23571,1166671
2021-12-30,21925,1188596
2021-12-31,6693,1195289
2022-01-01,3713,1199002
2022-01-02,6017,1205019
2022-01-03,19427,1224446
2022-01-04,20059,1244505
2022-01-05,18687,1263192
2022-01-06,4943,1268135
2022-01-07,17764,1285899
2022-01-08,5472,1291371
2022-01-09,6398,1297769
2022-01-10,19265,1317034
2022-01-11,17076,1334110
2022-01-12,15675,1349785
2022-01-13,13655,1363440
2022-01-14,12916,1376356
2022-01-15,3317,1379673
2022-01-16,3346,1383019
2022-01-17,13047,1396066
2022-01-18,10801,1406867
