Fecha,diario,PCR+
2020-02-25,2,2
2020-02-26,6,8
2020-02-27,5,13
2020-02-28,13,26
2020-02-29,11,37
2020-03-01,27,64
2020-03-02,48,112
2020-03-03,51,163
2020-03-04,67,230
2020-03-05,127,357
2020-03-06,212,569
2020-03-07,246,815
2020-03-08,288,1103
2020-03-09,543,1646
2020-03-10,756,2402
2020-03-11,831,3233
2020-03-12,848,4081
2020-03-13,1029,5110
2020-03-14,953,6063
2020-03-15,849,6912
2020-03-16,1315,8227
2020-03-17,2031,10258
2020-03-18,1834,12092
2020-03-19,2143,14235
2020-03-20,2441,16676
2020-03-21,1743,18419
2020-03-22,1570,19989
2020-03-23,2790,22779
2020-03-24,2976,25755
2020-03-25,3105,28860
2020-03-26,3513,32373
2020-03-27,2506,34879
2020-03-28,1088,35967
2020-03-29,908,36875
2020-03-30,2667,39542
2020-03-31,1944,41486
2020-04-01,1917,43403
2020-04-02,1955,45358
2020-04-03,1896,47254
2020-04-04,952,48206
2020-04-05,577,48783
2020-04-06,1757,50540
2020-04-07,1592,52132
2020-04-08,1606,53738
2020-04-09,1113,54851
2020-04-10,1008,55859
2020-04-11,624,56483
2020-04-12,411,56894
2020-04-13,1218,58112
2020-04-14,1366,59478
2020-04-15,1151,60629
2020-04-16,1066,61695
2020-04-17,1079,62774
2020-04-18,612,63386
2020-04-19,269,63655
2020-04-20,876,64531
2020-04-21,927,65458
2020-04-22,997,66455
2020-04-23,769,67224
2020-04-24,956,68180
2020-04-25,411,68591
2020-04-26,221,68812
2020-04-27,990,69802
2020-04-28,949,70751
2020-04-29,903,71654
2020-04-30,702,72356
2020-05-01,307,72663
2020-05-02,201,72864
2020-05-03,203,73067
2020-05-04,779,73846
2020-05-05,788,74634
2020-05-06,739,75373
2020-05-07,627,76000
2020-05-08,632,76632
2020-05-09,188,76820
2020-05-10,137,76957
2020-05-11,670,77627
2020-05-12,625,78252
2020-05-13,663,78915
2020-05-14,714,79629
2020-05-15,424,80053
2020-05-16,109,80162
2020-05-17,134,80296
2020-05-18,518,80814
2020-05-19,578,81392
2020-05-20,637,82029
2020-05-21,454,82483
2020-05-22,566,83049
2020-05-23,169,83218
2020-05-24,109,83327
2020-05-25,410,83737
2020-05-26,629,84366
2020-05-27,606,84972
2020-05-28,591,85563
2020-05-29,574,86137
2020-05-30,206,86343
2020-05-31,163,86506
2020-06-01,466,86972
2020-06-02,617,87589
2020-06-03,623,88212
2020-06-04,534,88746
2020-06-05,564,89310
2020-06-06,249,89559
2020-06-07,92,89651
2020-06-08,402,90053
2020-06-09,443,90496
2020-06-10,447,90943
2020-06-11,485,91428
2020-06-12,552,91980
2020-06-13,167,92147
2020-06-14,63,92210
2020-06-15,453,92663
2020-06-16,430,93093
2020-06-17,423,93516
2020-06-18,491,94007
2020-06-19,542,94549
2020-06-20,161,94710
2020-06-21,96,94806
2020-06-22,248,95054
2020-06-23,418,95472
2020-06-24,439,95911
2020-06-25,415,96326
2020-06-26,457,96783
2020-06-27,159,96942
2020-06-28,74,97016
2020-06-29,252,97268
2020-06-30,414,97682
2020-07-01,330,98012
2020-07-02,327,98339
2020-07-03,408,98747
2020-07-04,168,98915
2020-07-05,77,98992
2020-07-06,214,99206
2020-07-07,370,99576
2020-07-08,321,99897
2020-07-09,311,100208
2020-07-10,472,100680
2020-07-11,144,100824
2020-07-12,84,100908
2020-07-13,250,101158
2020-07-14,459,101617
2020-07-15,390,102007
2020-07-16,325,102332
2020-07-17,519,102851
2020-07-18,162,103013
2020-07-19,96,103109
2020-07-20,306,103415
2020-07-21,496,103911
2020-07-22,460,104371
2020-07-23,509,104880
2020-07-24,783,105663
2020-07-25,267,105930
2020-07-26,163,106093
2020-07-27,452,106545
2020-07-28,850,107395
2020-07-29,811,108206
2020-07-30,989,109195
2020-07-31,1397,110592
2020-08-01,417,111009
2020-08-02,239,111248
2020-08-03,725,111973
2020-08-04,1515,113488
2020-08-05,1384,114872
2020-08-06,1534,116406
2020-08-07,2114,118520
2020-08-08,633,119153
2020-08-09,398,119551
2020-08-10,922,120473
2020-08-11,2519,122992
2020-08-12,2235,125227
2020-08-13,2497,127724
2020-08-14,3356,131080
2020-08-15,936,132016
2020-08-16,538,132554
2020-08-17,1313,133867
2020-08-18,3570,137437
2020-08-19,3391,140828
2020-08-20,3265,144093
2020-08-21,4666,148759
2020-08-22,1331,150090
2020-08-23,686,150776
2020-08-24,1473,152249
2020-08-25,4230,156479
2020-08-26,3667,160146
2020-08-27,3544,163690
2020-08-28,4720,168410
2020-08-29,1203,169613
2020-08-30,981,170594
2020-08-31,1618,172212
2020-09-01,4236,176448
2020-09-02,3821,180269
2020-09-03,3781,184050
2020-09-04,5182,189232
2020-09-05,1675,190907
2020-09-06,1074,191981
2020-09-07,1901,193882
2020-09-08,4943,198825
2020-09-09,4910,203735
2020-09-10,4657,208392
2020-09-11,6264,214656
2020-09-12,2067,216723
2020-09-13,1462,218185
2020-09-14,2385,220570
2020-09-15,6000,226570
2020-09-16,5535,232105
2020-09-17,5375,237480
2020-09-18,7239,244719
2020-09-19,1767,246486
2020-09-20,1094,247580
2020-09-21,2280,249860
2020-09-22,5166,255026
2020-09-23,4734,259760
2020-09-24,4389,264149
2020-09-25,5418,269567
2020-09-26,1429,270996
2020-09-27,905,271901
2020-09-28,1801,273702
2020-09-29,4223,277925
2020-09-30,3568,281493
2020-10-01,3080,284573
2020-10-02,3796,288369
2020-10-03,968,289337
2020-10-04,465,289802
2020-10-05,2188,291990
2020-10-06,3181,295171
2020-10-07,2922,298093
2020-10-08,2807,300900
2020-10-09,2981,303881
2020-10-10,649,304530
2020-10-11,558,305088
2020-10-12,548,305636
2020-10-13,2697,308333
2020-10-14,2830,311163
2020-10-15,2596,313759
2020-10-16,2799,316558
2020-10-17,672,317230
2020-10-18,514,317744
2020-10-19,2347,320091
2020-10-20,2641,322732
2020-10-21,2465,325197
2020-10-22,2271,327468
2020-10-23,2472,329940
2020-10-24,594,330534
2020-10-25,528,331062
2020-10-26,2119,333181
2020-10-27,2264,335445
2020-10-28,2038,337483
2020-10-29,2061,339544
2020-10-30,2234,341778
2020-10-31,548,342326
2020-11-01,483,342809
2020-11-02,563,343372
2020-11-03,2117,345489
2020-11-04,2056,347545
2020-11-05,1831,349376
2020-11-06,2016,351392
2020-11-07,554,351946
2020-11-08,420,352366
2020-11-09,1008,353374
2020-11-10,1745,355119
2020-11-11,1658,356777
2020-11-12,1530,358307
2020-11-13,1592,359899
2020-11-14,399,360298
2020-11-15,329,360627
2020-11-16,1242,361869
2020-11-17,1383,363252
2020-11-18,1277,364529
2020-11-19,1093,365622
2020-11-20,1221,366843
2020-11-21,316,367159
2020-11-22,205,367364
2020-11-23,1024,368388
2020-11-24,1066,369454
2020-11-25,1048,370502
2020-11-26,970,371472
2020-11-27,1145,372617
2020-11-28,305,372922
2020-11-29,180,373102
2020-11-30,956,374058
2020-12-01,1110,375168
2020-12-02,1142,376310
2020-12-03,1002,377312
2020-12-04,1037,378349
2020-12-05,296,378645
2020-12-06,259,378904
2020-12-07,367,379271
2020-12-08,340,379611
2020-12-09,1332,380943
2020-12-10,1531,382474
2020-12-11,1847,384321
2020-12-12,428,384749
2020-12-13,319,385068
2020-12-14,1319,386387
2020-12-15,1557,387944
2020-12-16,1593,389537
2020-12-17,1384,390921
2020-12-18,1562,392483
2020-12-19,455,392938
2020-12-20,362,393300
2020-12-21,1508,394808
2020-12-22,1680,396488
2020-12-23,2851,399339
2020-12-24,959,400298
2020-12-25,494,400792
2020-12-26,873,401665
2020-12-27,794,402459
2020-12-28,3282,405741
2020-12-29,4157,409898
2020-12-30,4831,414729
2020-12-31,1348,416077
2021-01-01,715,416792
2021-01-02,1293,418085
2021-01-03,1151,419236
2021-01-04,4703,423939
2021-01-05,7365,431304
2021-01-06,1504,432808
2021-01-07,4649,437457
2021-01-08,6337,443794
2021-01-09,486,444280
2021-01-10,525,444805
2021-01-11,4458,449263
2021-01-12,4620,453883
2021-01-13,5533,459416
2021-01-14,5828,465244
2021-01-15,6654,471898
2021-01-16,1644,473542
2021-01-17,1251,474793
2021-01-18,5837,480630
2021-01-19,7882,488512
2021-01-20,6512,495024
2021-01-21,6071,501095
2021-01-22,7356,508451
2021-01-23,1713,510164
2021-01-24,1154,511318
2021-01-25,5672,516990
2021-01-26,6667,523657
2021-01-27,5941,529598
2021-01-28,5529,535127
2021-01-29,6120,541247
2021-01-30,1378,542625
2021-01-31,900,543525
2021-02-01,4216,547741
2021-02-02,5099,552840
2021-02-03,4369,557209
2021-02-04,3881,561090
2021-02-05,4410,565500
2021-02-06,955,566455
2021-02-07,534,566989
2021-02-08,2923,569912
2021-02-09,3463,573375
2021-02-10,2915,576290
2021-02-11,2434,578724
2021-02-12,2800,581524
2021-02-13,628,582152
2021-02-14,408,582560
2021-02-15,2134,584694
2021-02-16,2357,587051
2021-02-17,2031,589082
2021-02-18,1860,590942
2021-02-19,2010,592952
2021-02-20,486,593438
2021-02-21,414,593852
2021-02-22,1569,595421
2021-02-23,1904,597325
2021-02-24,1604,598929
2021-02-25,1379,600308
2021-02-26,1626,601934
2021-02-27,505,602439
2021-02-28,319,602758
2021-03-01,1397,604155
2021-03-02,1495,605650
2021-03-03,1475,607125
2021-03-04,1329,608454
2021-03-05,1586,610040
2021-03-06,409,610449
2021-03-07,295,610744
2021-03-08,1311,612055
2021-03-09,1546,613601
2021-03-10,1395,614996
2021-03-11,1331,616327
2021-03-12,1656,617983
2021-03-13,434,618417
2021-03-14,310,618727
2021-03-15,1368,620095
2021-03-16,1645,621740
2021-03-17,1584,623324
2021-03-18,1846,625170
2021-03-19,451,625621
2021-03-20,514,626135
2021-03-21,392,626527
2021-03-22,1686,628213
2021-03-23,2084,630297
2021-03-24,1950,632247
2021-03-25,1924,634171
2021-03-26,2164,636335
2021-03-27,667,637002
2021-03-28,489,637491
2021-03-29,1874,639365
2021-03-30,2226,641591
2021-03-31,2701,644292
2021-04-01,735,645027
2021-04-02,694,645721
2021-04-03,908,646629
2021-04-04,684,647313
2021-04-05,2557,649870
2021-04-06,2957,652827
2021-04-07,2699,655526
2021-04-08,2447,657973
2021-04-09,2843,660816
2021-04-10,709,661525
2021-04-11,618,662143
2021-04-12,2243,664386
2021-04-13,2726,667112
2021-04-14,2541,669653
2021-04-15,2388,672041
2021-04-16,2818,674859
2021-04-17,857,675716
2021-04-18,624,676340
2021-04-19,2379,678719
2021-04-20,2764,681483
2021-04-21,2439,683922
2021-04-22,2389,686311
2021-04-23,2780,689091
2021-04-24,674,689765
2021-04-25,504,690269
2021-04-26,2165,692434
2021-04-27,2525,694959
2021-04-28,2280,697239
2021-04-29,2106,699345
2021-04-30,2361,701706
2021-05-01,543,702249
2021-05-02,485,702734
2021-05-03,557,703291
2021-05-04,1687,704978
2021-05-05,2094,707072
2021-05-06,1874,708946
2021-05-07,2104,711050
2021-05-08,475,711525
2021-05-09,364,711889
2021-05-10,1408,713297
2021-05-11,1509,714806
2021-05-12,1446,716252
2021-05-13,1274,717526
2021-05-14,1538,719064
2021-05-15,367,719431
2021-05-16,341,719772
2021-05-17,1272,721044
2021-05-18,1453,722497
2021-05-19,1249,723746
2021-05-20,1153,724899
2021-05-21,1396,726295
2021-05-22,331,726626
2021-05-23,274,726900
2021-05-24,1021,727921
2021-05-25,1174,729095
2021-05-26,1034,730129
2021-05-27,1000,731129
2021-05-28,1104,732233
2021-05-29,288,732521
2021-05-30,249,732770
2021-05-31,886,733656
2021-06-01,887,734543
2021-06-02,852,735395
2021-06-03,747,736142
2021-06-04,733,736875
2021-06-05,257,737132
2021-06-06,134,737266
2021-06-07,628,737894
2021-06-08,676,738570
2021-06-09,602,739172
2021-06-10,478,739650
2021-06-11,612,740262
2021-06-12,164,740426
2021-06-13,123,740549
2021-06-14,485,741034
2021-06-15,569,741603
2021-06-16,458,742061
2021-06-17,403,742464
2021-06-18,464,742928
2021-06-19,162,743090
2021-06-20,168,743258
2021-06-21,496,743754
2021-06-22,526,744280
2021-06-23,556,744836
2021-06-24,539,745375
2021-06-25,648,746023
2021-06-26,218,746241
2021-06-27,175,746416
2021-06-28,657,747073
2021-06-29,845,747918
2021-06-30,889,748807
2021-07-01,899,749706
2021-07-02,1077,750783
2021-07-03,444,751227
2021-07-04,390,751617
2021-07-05,1252,752869
2021-07-06,1879,754748
2021-07-07,1983,756731
2021-07-08,2224,758955
2021-07-09,2547,761502
2021-07-10,1142,762644
2021-07-11,1065,763709
2021-07-12,3065,766774
2021-07-13,3845,770619
2021-07-14,4249,774868
2021-07-15,4192,779060
2021-07-16,4779,783839
2021-07-17,1931,785770
2021-07-18,1616,787386
2021-07-19,4560,791946
2021-07-20,5322,797268
2021-07-21,5229,802497
2021-07-22,4932,807429
2021-07-23,5540,812969
2021-07-24,1780,814749
2021-07-25,1345,816094
2021-07-26,4561,820655
2021-07-27,5240,825895
2021-07-28,5005,830900
2021-07-29,4557,835457
2021-07-30,4971,840428
2021-07-31,1312,841740
2021-08-01,979,842719
2021-08-02,3408,846127
2021-08-03,3888,850015
2021-08-04,3408,853423
2021-08-05,3017,856440
2021-08-06,3479,859919
2021-08-07,898,860817
2021-08-08,658,861475
2021-08-09,2555,864030
2021-08-10,3061,867091
2021-08-11,2478,869569
2021-08-12,2238,871807
2021-08-13,2514,874321
2021-08-14,559,874880
2021-08-15,522,875402
2021-08-16,1927,877329
2021-08-17,2053,879382
2021-08-18,1978,881360
2021-08-19,1652,883012
2021-08-20,1953,884965
2021-08-21,479,885444
2021-08-22,384,885828
2021-08-23,1592,887420
2021-08-24,1691,889111
2021-08-25,1553,890664
2021-08-26,1365,892029
2021-08-27,1478,893507
2021-08-28,394,893901
2021-08-29,291,894192
2021-08-30,1114,895306
2021-08-31,1298,896604
2021-09-01,1040,897644
2021-09-02,858,898502
2021-09-03,977,899479
2021-09-04,241,899720
2021-09-05,213,899933
2021-09-06,704,900637
2021-09-07,859,901496
2021-09-08,678,902174
2021-09-09,535,902709
2021-09-10,683,903392
2021-09-11,152,903544
2021-09-12,121,903665
2021-09-13,570,904235
2021-09-14,545,904780
2021-09-15,513,905293
2021-09-16,504,905797
2021-09-17,538,906335
2021-09-18,128,906463
2021-09-19,108,906571
2021-09-20,443,907014
2021-09-21,459,907473
2021-09-22,428,907901
2021-09-23,370,908271
2021-09-24,466,908737
2021-09-25,104,908841
2021-09-26,90,908931
2021-09-27,394,909325
2021-09-28,358,909683
2021-09-29,333,910016
2021-09-30,291,910307
2021-10-01,327,910634
2021-10-02,85,910719
2021-10-03,76,910795
2021-10-04,324,911119
2021-10-05,349,911468
2021-10-06,278,911746
2021-10-07,280,912026
2021-10-08,321,912347
2021-10-09,90,912437
2021-10-10,60,912497
2021-10-11,371,912868
2021-10-12,76,912944
2021-10-13,309,913253
2021-10-14,317,913570
2021-10-15,355,913925
2021-10-16,99,914024
2021-10-17,93,914117
2021-10-18,347,914464
2021-10-19,405,914869
2021-10-20,389,915258
2021-10-21,339,915597
2021-10-22,375,915972
2021-10-23,108,916080
2021-10-24,85,916165
2021-10-25,295,916460
2021-10-26,362,916822
2021-10-27,358,917180
2021-10-28,339,917519
2021-10-29,443,917962
2021-10-30,116,918078
2021-10-31,96,918174
2021-11-01,120,918294
2021-11-02,467,918761
2021-11-03,513,919274
2021-11-04,464,919738
2021-11-05,520,920258
2021-11-06,147,920405
2021-11-07,115,920520
2021-11-08,531,921051
2021-11-09,359,921410
2021-11-10,552,921962
2021-11-11,601,922563
2021-11-12,735,923298
2021-11-13,182,923480
2021-11-14,145,923625
2021-11-15,708,924333
2021-11-16,764,925097
2021-11-17,797,925894
2021-11-18,781,926675
2021-11-19,996,927671
2021-11-20,205,927876
2021-11-21,203,928079
2021-11-22,885,928964
2021-11-23,1050,930014
2021-11-24,1022,931036
2021-11-25,904,931940
2021-11-26,1278,933218
2021-11-27,279,933497
2021-11-28,243,933740
2021-11-29,1203,934943
2021-11-30,1461,936404
2021-12-01,1375,937779
2021-12-02,1414,939193
2021-12-03,1900,941093
2021-12-04,422,941515
2021-12-05,299,941814
2021-12-06,378,942192
2021-12-07,2096,944288
2021-12-08,651,944939
2021-12-09,2466,947405
2021-12-10,3489,950894
2021-12-11,996,951890
2021-12-12,781,952671
2021-12-13,4139,956810
2021-12-14,6204,963014
2021-12-15,7968,970982
2021-12-16,8147,979129
2021-12-17,10099,989228
2021-12-18,3797,993025
2021-12-19,3348,996373
2021-12-20,14510,1010883
2021-12-21,20614,1031497
2021-12-22,22274,1053771
2021-12-23,24050,1077821
2021-12-24,8762,1086583
2021-12-25,5663,1092246
2021-12-26,8385,1100631
2021-12-27,23879,1124510
2021-12-28,24865,1149375
2021-12-29,24118,1173493
2021-12-30,22377,1195870
2021-12-31,7103,1202973
2022-01-01,4059,1207032
2022-01-02,6574,1213606
2022-01-03,20115,1233721
2022-01-04,20586,1254307
2022-01-05,19540,1273847
2022-01-06,5482,1279329
2022-01-07,18954,1298283
2022-01-08,6083,1304366
2022-01-09,7082,1311448
2022-01-10,20700,1332148
2022-01-11,18151,1350299
2022-01-12,16650,1366949
2022-01-13,14633,1381582
2022-01-14,13968,1395550
2022-01-15,3958,1399508
2022-01-16,3965,1403473
2022-01-17,14633,1418106
2022-01-18,12789,1430895
2022-01-19,12012,1442907
2022-01-20,10788,1453695
2022-01-21,10830,1464525
2022-01-22,3073,1467598
2022-01-23,2873,1470471
2022-01-24,11192,1481663
2022-01-25,9878,1491541
2022-01-26,9112,1500653
2022-01-27,8011,1508664
2022-01-28,7585,1516249
2022-01-29,1952,1518201
2022-01-30,1729,1519930
2022-01-31,7504,1527434
2022-02-01,6549,1533983
2022-02-02,6930,1540913
2022-02-03,6628,1547541
2022-02-04,6700,1554241
2022-02-05,1282,1555523
2022-02-06,981,1556504
2022-02-07,6743,1563247
2022-02-08,5427,1568674
2022-02-09,4728,1573402
2022-02-10,3965,1577367
2022-02-11,3710,1581077
2022-02-12,718,1581795
2022-02-13,625,1582420
2022-02-14,4037,1586457
2022-02-15,3152,1589609
2022-02-16,2745,1592354
2022-02-17,2372,1594726
2022-02-18,2140,1596866
2022-02-19,509,1597375
2022-02-20,410,1597785
2022-02-21,2458,1600243
2022-02-22,1876,1602119
2022-02-23,1667,1603786
2022-02-24,1402,1605188
2022-02-25,1353,1606541
2022-02-26,344,1606885
2022-02-27,304,1607189
2022-02-28,1776,1608965
2022-03-01,1442,1610407
2022-03-02,1524,1611931
2022-03-03,1385,1613316
2022-03-04,1322,1614638
2022-03-05,237,1614875
2022-03-06,194,1615069
2022-03-07,1540,1616609
2022-03-08,1311,1617920
2022-03-09,1237,1619157
